20.000000   34.125000   20.000000  0.800000    1.000000
20.000000   34.125000   40.000000  0.800000    1.000000
20.000000   34.125000   60.000000  0.800000    1.000000
20.000000   34.125000   80.000000  0.800000    1.000000
20.000000   34.125000   100.00000  0.800000    1.000000
20.000000   34.125000   120.00000  0.800000    1.000000
20.000000   34.125000   140.00000  0.800000    1.000000
20.000000   34.125000   160.00000  0.800000    1.000000
20.000000   34.125000   180.00000  0.800000    1.000000
20.000000   34.125000   200.00000  0.800000    1.000000
20.000000   34.125000   220.00000  0.800000    1.000000
20.000000   34.125000   240.00000  0.800000    1.000000
20.000000   34.125000   260.00000  0.800000    1.000000
